0 10 0
2 1 -1 -5 0
2 0 -1 9 0
2 -2 -1 -8 0
2 -8 -1 -10 0
2 -8 -1 4 0
2 -4 -1 0 0
34 0 -1 -3 0
2 -9 -1 -4 0
2 -3 -1 3 0
2 -9 -1 -8 0
0 9 0 -10 0
2 7 -1 6 0
2 2 -1 5 0
2 3 -1 -2 0
2 6 -1 -5 0
2 -5 -1 -10 0
2 5 -1 -1 0
7 -8 0 4 0
2 -10 -1 4 0
2 -6 -1 -7 0
2 1 -1 0 0
2 -5 -1 -5 0
2 -7 -1 7 0
25 -6 3 9 0
2 -4 -1 -8 0
2 8 -1 2 0
2 6 -1 -1 0
2 9 -1 -10 0
2 -3 -1 -8 0
2 5 -1 -10 0
2 -3 -1 -5 0
2 8 -1 -5 0
2 6 -1 6 0
2 1 -1 8 0
2 2 -1 -4 0
2 -10 -1 -1 0
2 -1 -1 9 0
2 7 -1 -5 0
2 1 -1 1 0
2 4 -1 9 0
2 -6 -1 0 0
2 -10 -1 -3 0
2 5 -1 7 0
2 -7 -1 -4 0
2 5 -1 -2 0
2 3 -1 -7 0
2 0 -1 0 0
2 9 -1 2 0
2 6 -1 8 0
29 -10 3 5 0
2 -8 -1 -7 0
2 -1 -1 1 0
2 4 -1 1 0
2 -6 -1 8 0
35 -8 5 9 0
2 9 -1 -5 0
2 0 -1 8 0
2 -3 -1 4 0
2 9 -1 -3 0
2 -8 -1 7 0
2 9 -1 3 0
2 -1 -1 3 0
2 0 -1 -4 0
2 7 -1 -3 0
2 -9 -1 -3 0
2 -4 -1 -5 0
2 -10 -1 3 0
2 4 -1 -9 0
2 8 -1 -2 0
2 -7 -1 -7 0
2 -1 -1 -9 0
2 2 -1 4 0
2 1 -1 -10 0
2 6 -1 -6 0
2 7 -1 0 0
2 -7 -1 0 0
2 8 -1 5 0
2 -9 -1 -9 0
2 5 -1 8 0
2 -5 -1 1 0
2 -6 -1 -8 0
2 -4 -1 4 0
2 3 -1 -4 0
2 5 -1 -6 0
27 -8 3 7 0
34 1 -1 -2 0
11 -9 1 4 0
2 -6 -1 7 0
2 -5 -1 -1 0
2 5 -1 -9 0
2 5 -1 0 0
2 8 -1 -6 0
2 6 -1 5 0
2 1 -1 9 0
2 2 -1 -5 0
2 -1 -1 8 0
2 7 -1 -8 0
2 9 -1 -7 0
2 -2 -1 7 0
2 4 -1 8 0
2 -10 -1 -4 0
2 9 -1 -4 0
2 0 -1 3 0
2 -5 -1 -2 0
2 -8 -1 -8 0
2 -4 -1 1 0
2 3 -1 5 0
2 0 -1 -9 0
2 -9 -1 -6 0
2 -2 -1 -7 0
2 -6 -1 -9 0
2 4 -1 -2 0
2 -9 -1 -5 0
34 -7 4 9 0
2 -2 -1 -2 0
2 3 -1 -3 0
2 -8 -1 6 0
2 -5 -1 -7 0
2 -5 -1 0 0
2 5 -1 -8 0
2 -10 -1 2 0
2 4 -1 -10 0
32 -9 2 7 0
12 -8 1 5 0
2 -2 -1 8 0
2 -7 -1 -6 0
2 -2 -1 -10 0
2 -7 -1 6 0
2 2 -1 3 0
2 1 -1 -9 0
2 6 -1 -7 0
2 8 -1 4 0
2 -3 -1 -2 0
2 -5 -1 -9 0
2 -2 -1 -1 0
2 8 -1 -3 0
2 1 -1 2 0
37 -10 5 7 0
2 -7 -1 -8 0
2 -4 -1 -6 0
2 -4 -1 5 0
2 -6 -1 6 0
2 -10 -1 -5 0
2 5 -1 1 0
2 -3 -1 5 0
2 3 -1 -8 0
32 -9 4 7 0
2 3 -1 -6 0
2 6 -1 4 0
2 2 -1 -6 0
2 -8 -1 -4 0
2 7 -1 -7 0
2 4 -1 -7 0
2 -9 -1 3 0
2 0 -1 2 0
2 -8 -1 -5 0
2 -9 -1 2 0
2 -8 -1 9 0
2 -3 -1 -9 0
2 -1 -1 7 0
2 0 -1 -10 0
2 7 -1 -4 0
2 -10 -1 8 0
2 9 -1 5 0
2 1 -1 -3 0
2 4 -1 3 0
2 -6 -1 -10 0
36 -9 5 8 0
2 -9 -1 9 0
2 4 -1 6 0
2 -4 0 8 0
46 0 -1 -2 0
2 -2 -1 -3 0
2 -8 -1 1 0
34 0 -1 -1 0
2 9 -1 8 0
2 5 -1 -7 0
2 -10 -1 1 0
2 -6 -1 -1 0
2 3 -1 -5 0
5 -7 0 5 0
2 -5 -1 7 0
18 -10 0 1 0
2 2 -1 2 0
2 6 -1 -8 0
2 8 -1 7 0
14 -6 1 7 0
2 -10 -1 9 0
2 8 -1 -4 0
2 -7 -1 9 0
2 6 -1 3 0
2 1 -1 3 0
2 -6 -1 -2 0
2 -2 -1 -5 0
2 -7 -1 8 0
2 9 -1 -8 0
2 1 -1 -8 0
2 -2 -1 0 0
2 -6 -1 5 0
2 -10 -1 -6 0
2 -5 -1 -4 0
2 0 -1 5 0
13 -7 1 6 0
17 -5 2 9 0
2 2 -1 -7 0
2 7 -1 -1 0
2 -2 -1 -6 0
2 4 -1 -8 0
2 9 -1 4 0
2 -9 -1 0 0
2 -3 -1 6 0
2 7 -1 5 0
2 -8 -1 8 0
2 -2 -1 6 0
2 5 -1 -3 0
10 -10 1 3 0
26 -7 3 8 0
2 4 -1 0 0
2 9 -1 6 0
2 4 -1 2 0
21 -7 2 7 0
2 -9 -1 8 0
2 -5 -1 -3 0
2 -2 -1 9 0
2 7 -1 2 0
2 -2 -1 -4 0
2 -7 -1 5 0
2 2 -1 9 0
2 -8 -1 0 0
2 6 -1 -9 0
2 0 -1 -7 0
2 -5 -1 4 0
2 3 -1 1 0
2 -10 -1 0 0
2 -6 -1 -3 0
23 -9 2 5 0
2 1 -1 4 0
2 -7 -1 -5 0
2 2 -1 6 0
2 2 -1 1 0
2 -1 -1 2 0
2 -4 -1 2 0
2 8 -1 6 0
3 -10 6 9 0
2 -1 -1 -1 0
2 -3 -1 7 0
2 9 -1 0 0
2 6 -1 2 0
2 -4 -1 9 0
2 7 -1 -9 0
2 -7 -1 -9 0
2 1 -1 -7 0
2 -6 -1 4 0
2 -10 -1 -7 0
2 5 -1 3 0
2 8 -1 -9 0
2 0 -1 4 0
2 -2 -1 1 0
2 -1 -1 -7 0
2 -8 -1 -3 0
2 2 -1 -8 0
16 -4 1 9 0
2 3 -1 8 0
2 -3 -1 -10 0
2 -7 -1 1 0
2 1 -1 -4 0
2 4 -1 -5 0
2 -9 -1 1 0
31 -10 4 6 0
2 -3 -1 0 0
2 -3 -1 -1 0
2 -9 -1 -2 0
2 -9 -1 -7 0
2 -4 -1 6 0
2 4 -1 5 0
2 9 -1 -9 0
2 -7 -1 -2 0
2 -3 -1 9 0
2 -7 -1 -3 0
2 3 -1 -10 0
2 -5 -1 6 0
2 2 -1 8 0
2 -8 -1 3 0
2 6 -1 -10 0
2 0 -1 -8 0
2 8 -1 9 0
2 5 -1 -5 0
2 -10 -1 7 0
2 -6 -1 -4 0
2 7 -1 -10 0
2 -1 -1 0 0
2 -1 -1 -8 0
2 1 -1 5 0
2 2 -1 0 0
2 -4 -1 -9 0
2 6 -1 -2 0
2 3 -1 4 0
2 8 -1 1 0
49 -10 6 8 0
2 5 -1 6 0
2 8 -1 -1 0
2 6 -1 1 0
2 -4 -1 8 0
54 -9 6 9 0
2 -5 -1 8 0
2 1 -1 -6 0
2 9 -1 -2 0
2 3 -1 -1 0
2 -6 -1 3 0
2 -10 -1 -8 0
2 5 -1 4 0
2 8 -1 -10 0
2 0 -1 7 0
2 6 -1 9 0
2 7 -1 4 0
2 2 -1 -9 0
2 -1 -1 -10 0
0 -3 0 9 0
2 -7 -1 2 0
2 5 -1 -4 0
4 -6 0 6 0
2 -9 -1 -10 0
2 4 -1 -6 0
2 -9 -1 6 0
2 5 -1 2 0
2 -3 -1 1 0
2 -7 -1 4 0
2 -4 -1 -2 0
2 -2 -1 4 0
2 -9 -1 5 0
2 -9 -1 -1 0
2 3 -1 0 0
2 4 -1 4 0
2 3 -1 9 0
2 -7 -1 -1 0
2 3 -1 -9 0
2 -1 -1 -6 0
2 2 -1 7 0
2 -8 -1 2 0
2 -5 -1 9 0
2 -4 -1 3 0
2 0 -1 -5 0
2 8 -1 8 0
2 -5 -1 2 0
2 -10 -1 6 0
2 -6 -1 -5 0
53 -10 8 9 0
32 -9 0 7 0
2 1 -1 6 0
2 -7 -1 -10 0
2 -5 -1 -6 0
9 -10 0 2 0
2 7 -1 8 0
2 -4 -1 -10 0
2 6 -1 -3 0
32 -9 1 7 0
2 5 -1 9 0
2 8 -1 0 0
2 -10 -1 -9 0
2 -2 -1 5 0
2 -1 -1 6 0
34 -1 -1 -2 0
2 8 -1 -7 0
32 -9 3 7 0
2 6 -1 0 0
2 2 -1 -2 0
2 7 -1 -2 0
2 -4 -1 -1 0
2 -6 -1 2 0
0 9 0 9 0
2 5 -1 5 0
2 0 -1 6 0
2 3 -1 6 0
20 -6 2 8 0
2 2 -1 -10 0
2 9 -1 7 0
8 -9 0 3 0
2 -2 -1 3 0
2 -7 -1 3 0
2 9 -1 9 0
2 -4 -1 7 0
2 4 -1 -3 0
2 -9 -1 7 0
2 7 -1 3 0
2 -3 -1 8 0
2 -3 -1 2 0
15 -5 1 8 0
2 -8 -1 -9 0
2 -8 -1 5 0
2 -8 -1 -2 0
2 -1 -1 -3 0
2 9 -1 1 0
2 4 -1 7 0
3 -10 7 9 0
2 -1 -1 5 0
28 -9 3 6 0
2 7 -1 1 0
2 3 -1 2 0
2 9 -1 -1 0
2 -2 -1 2 0
2 0 -1 -6 0
33 -8 4 8 0
2 -5 -1 3 0
2 -10 -1 5 0
2 -6 -1 -6 0
2 -8 -1 -6 0
2 -3 -1 -7 0
2 1 -1 7 0
2 7 -1 9 0
2 -4 -1 -7 0
2 6 -1 -4 0
2 8 -1 3 0
2 -10 -1 -10 0
2 8 -1 -8 0
2 2 -1 -1 0
2 6 -1 7 0
2 7 -1 7 0
2 2 -1 -3 0
2 -2 -1 -9 0
2 -1 -1 -5 0
2 7 -1 -6 0
2 -5 -1 5 0
24 -10 2 4 0
22 -8 2 6 0
2 4 -1 -1 0
2 -6 -1 1 0
2 -10 -1 -2 0
2 -1 -1 4 0
2 -1 -1 -4 0
2 1 -1 -1 0
3 -5 0 7 0
2 -5 -1 -8 0
2 0 -1 1 0
2 -8 -1 -1 0
0 -10 0 -10 0
2 3 -1 7 0
2 -9 -1 4 0
2 3 -1 3 0
2 -6 -1 9 0
2 4 -1 -4 0
2 9 -1 -6 0
2 -3 -1 -6 0
